<html>
<head><meta charset="utf-8" /></head>
<body>
    <div>                        <script type="text/javascript">window.PlotlyConfig = {MathJaxConfig: 'local'};</script>
        <script charset="utf-8" src="https://cdn.plot.ly/plotly-2.32.0.min.js"></script>                <div id="b59fc7c6-dfe3-4b78-80d9-364f854a151b" class="plotly-graph-div" style="height:900px; width:1400px;"></div>            <script type="text/javascript">                                    window.PLOTLYENV=window.PLOTLYENV || {};                                    if (document.getElementById("b59fc7c6-dfe3-4b78-80d9-364f854a151b")) {                    Plotly.newPlot(                        "b59fc7c6-dfe3-4b78-80d9-364f854a151b",                        [{"colorbar":{"len":0.4,"title":{"text":"Normalized\u003cbr\u003eValue"},"x":0.45},"colorscale":[[0.0,"rgb(0,104,55)"],[0.1,"rgb(26,152,80)"],[0.2,"rgb(102,189,99)"],[0.3,"rgb(166,217,106)"],[0.4,"rgb(217,239,139)"],[0.5,"rgb(255,255,191)"],[0.6,"rgb(254,224,139)"],[0.7,"rgb(253,174,97)"],[0.8,"rgb(244,109,67)"],[0.9,"rgb(215,48,39)"],[1.0,"rgb(165,0,38)"]],"showscale":true,"x":["RMSE","MAE","MAPE","Max_Error","R2_Score","Pearson_R","Spearman_R","Cosine_Sim","SSIM","MS_SSIM","SAM_radians","Wasserstein","KL_Divergence","JS_Distance","Peak_Lambda_Error_nm","Peak_Abs_Error","FWHM_Diff","Area_Diff","DTW_Distance","Frechet_Dist","Derivative_MSE","FFT_Correlation","Power_Ratio"],"y":["0.0 ppb","10.0 ppb","20.0 ppb","30.0 ppb","40.0 ppb","60.0 ppb"],"z":[[0.3764791751247155,0.37136696123757795,0.4513161372693066,0.3625878852119461,0.7982157853312715,0.20956398765092096,0.0,0.0,0.22183901275251283,0.19137255808583375,1.0,0.337674921694414,0.9512431053094097,1.0,0.0,0.0861805607711868,1.0,0.32865929717972225,0.4352431786185644,0.3625878852119461,0.0693868416476063,0.0,0.0],[0.055678355962417755,0.05447130546128805,0.05029774008198285,0.05239846806634707,0.9920419653120973,0.8856039364814682,0.6959026620778177,0.9834572666526653,0.9157001282418592,0.8951350997694483,0.08688838701790966,0.030732412623042587,0.14485423816078158,0.26677464264764916,0.0,0.009156684581938643,0.720508166969147,0.04438755144762748,0.04577806001842477,0.05239846806634707,0.002455158243699399,0.9939631473053969,0.12248853587584932],[0.017541195642424273,0.016798395334036754,0.010656389361666399,0.015522803090996233,0.9990367731902141,0.9734896189694583,0.9257455842470754,0.99651030040974,1.0,1.0,0.02598702858809713,0.008289006306403938,0.013271741824276586,0.07074295871779149,0.0,0.0,0.705989110707804,0.010593008248707304,0.015304213953876206,0.015522803090996233,0.0,0.9981457361615518,0.062450195444335665],[0.0,0.0,0.0,0.0,1.0,1.0,1.0,1.0,0.8739327897500677,0.883715437235154,0.0,0.0,0.0,0.0,0.0,0.042051733582938906,0.0,0.0,0.0,0.0,0.0002422317564791761,1.0,0.10405393218224201],[0.05138339920948634,0.05138339920948638,0.05600658078887829,0.05138339920948636,0.9889174562320693,0.8173939438998673,0.6576875362714378,0.9784487053333092,0.8384457097033665,0.8140994813062559,0.10437370078836661,0.03799569150751758,0.17905793495449598,0.36529019302422727,0.0,0.10906369502680645,0.8239564428312159,0.05138339920948638,0.025444009886787376,0.05138339920948636,0.0067803529860990626,0.9975386722233472,0.041767233772575484],[1.0,1.0,1.0,1.0,0.0,0.0,0.2500574851108538,0.2958011595152678,0.0,0.0,0.825799558872109,1.0,1.0,0.9369265059517574,1.0,1.0,0.8185117967332124,1.0,1.0,1.0,1.0,0.43278248450328116,1.0]],"type":"heatmap","xaxis":"x","yaxis":"y"},{"colorbar":{"len":0.4,"title":{"text":"Correlation"},"x":1.0},"colorscale":[[0.0,"rgb(103,0,31)"],[0.1,"rgb(178,24,43)"],[0.2,"rgb(214,96,77)"],[0.3,"rgb(244,165,130)"],[0.4,"rgb(253,219,199)"],[0.5,"rgb(247,247,247)"],[0.6,"rgb(209,229,240)"],[0.7,"rgb(146,197,222)"],[0.8,"rgb(67,147,195)"],[0.9,"rgb(33,102,172)"],[1.0,"rgb(5,48,97)"]],"showscale":true,"x":["RMSE","MAE","MAPE","Max_Error","R2_Score","Pearson_R","Spearman_R","Cosine_Sim","SSIM","MS_SSIM","SAM_radians","Wasserstein","KL_Divergence","JS_Distance","Peak_Lambda_Error_nm","Peak_Abs_Error","FWHM_Diff","Area_Diff","DTW_Distance","Frechet_Dist","Derivative_MSE","FFT_Correlation","Power_Ratio"],"y":["RMSE","MAE","MAPE","Max_Error","R2_Score","Pearson_R","Spearman_R","Cosine_Sim","SSIM","MS_SSIM","SAM_radians","Wasserstein","KL_Divergence","JS_Distance","Peak_Lambda_Error_nm","Peak_Abs_Error","FWHM_Diff","Area_Diff","DTW_Distance","Frechet_Dist","Derivative_MSE","FFT_Correlation","Power_Ratio"],"z":[[1.0,0.9999871998038637,0.997003901260846,0.9999054001192068,-0.9862120184938987,-0.9276521387926834,-0.7101620703174484,-0.7393173217218847,-0.9294933536643739,-0.9209132897914201,0.796475062049395,0.9992847128022643,0.8772540724406731,0.8133922891070043,0.9346959326925784,0.9472108943314197,0.39706584867100553,0.9988760889442796,0.9976005444517961,0.9999054001192068,0.9562423625729823,-0.6565988887843435,0.8979708222319993],[0.9999871998038637,1.0,0.9966239583384797,0.9999621951568073,-0.9870102317901631,-0.9259042278253399,-0.7069431593921186,-0.7360099769259575,-0.9278926993874266,-0.9191968443925692,0.7934958594003375,0.9994457801871481,0.8749411044836634,0.8108178179864445,0.9364398768040212,0.9488148366989742,0.39467451468465187,0.9991031206106873,0.9972609759458645,0.9999621951568073,0.957678057894677,-0.6528916959105229,0.9000563693080218],[0.997003901260846,0.9966239583384797,1.0,0.9959114058950231,-0.9710082788725845,-0.95293500699381,-0.757703408822752,-0.7887487396241193,-0.9544553065248158,-0.9476091416823929,0.8405224168072393,0.9939279216418793,0.9110061736402387,0.8517243211353601,0.9048756465571997,0.9218581797380139,0.42516463042291697,0.9924436835897834,0.9994650438873315,0.9959114058950231,0.93123687575596,-0.7123825911395344,0.8619119290979688],[0.9999054001192068,0.9999621951568073,0.9959114058950231,1.0,-0.9883229770729401,-0.9228449803032687,-0.7013690163091392,-0.7302821173596148,-0.9250864012385487,-0.9161920732074229,0.7883284913895025,0.9996628133708491,0.8709138248360055,0.8063449662798591,0.9393809339712381,0.9515145535250688,0.39054128014878026,0.9994335373384285,0.9966177709437213,1.0,0.9600881033689473,-0.6464816472982624,0.9035866647847518],[-0.9862120184938987,-0.9870102317901631,-0.9710082788725845,-0.9883229770729401,1.0,0.8541683841244174,0.5862180171012109,0.6224721154576878,0.8623303858546862,0.8491614179858388,-0.6873913441219411,-0.9914069151923062,-0.7863687011382694,-0.7092046417975811,-0.9801942282580943,-0.9843334595237455,-0.29891859133717685,-0.9926993519019558,-0.9741739094145457,-0.9883229770729399,-0.9912254666173009,0.5283532031773469,-0.9565370244514231],[-0.9276521387926834,-0.9259042278253399,-0.95293500699381,-0.9228449803032687,0.8541683841244174,1.0,0.9161784183024235,0.9248605110391825,0.9904085159985747,0.9930582393476323,-0.9592336741090371,-0.9145213510851573,-0.9921853935671776,-0.967424400958176,-0.736848703587034,-0.7731275604128555,-0.5691288212885629,-0.9103467177072918,-0.9461975022605879,-0.9228449803032684,-0.7799438850748395,0.8757047948376037,-0.6710383669446495],[-0.7101620703174484,-0.7069431593921186,-0.757703408822752,-0.7013690163091392,0.5862180171012109,0.9161784183024235,1.0,0.9480192673096128,0.8827040096283634,0.8993408975514279,-0.9632194064063944,-0.6844503700479061,-0.9525173142202986,-0.9857240875550222,-0.42486356539138453,-0.47683842706423807,-0.7241672383440327,-0.6792949959347643,-0.743709823878768,-0.7013690163091392,-0.48162707877688654,0.9376315618705521,-0.345044817937366],[-0.7393173217218847,-0.7360099769259575,-0.7887487396241193,-0.7302821173596148,0.6224721154576878,0.9248605110391825,0.9480192673096128,1.0,0.9215768212750903,0.9291245620717076,-0.99382994782486,-0.717889204475343,-0.9614248875923433,-0.9450070877178336,-0.45525888137018855,-0.4955710074844896,-0.5481110036558574,-0.7075925457955429,-0.7817187627936316,-0.7302821173596146,-0.5135953533002279,0.9932603394440682,-0.37521243129940945],[-0.9294933536643739,-0.9278926993874266,-0.9544553065248158,-0.9250864012385487,0.8623303858546862,0.9904085159985747,0.8827040096283634,0.9215768212750903,1.0,0.9992743168387219,-0.9503617680311831,-0.918920857121512,-0.981361794598693,-0.9400753747960509,-0.7475252452784324,-0.784583909581925,-0.45376447640728584,-0.9135655532442624,-0.9489900479745723,-0.9250864012385484,-0.7897720858235138,0.8720991113490335,-0.6857654125493211],[-0.9209132897914201,-0.9191968443925692,-0.9476091416823929,-0.9161920732074229,0.8491614179858388,0.9930582393476323,0.8993408975514279,0.9291245620717076,0.9992743168387219,1.0,-0.9578547945756498,-0.9091380665195687,-0.9870032681475982,-0.9520566355930405,-0.7304260601660223,-0.7695492904492056,-0.4793754182719602,-0.9039093972510781,-0.9412180934294955,-0.9161920732074227,-0.7739678303068888,0.881799957333359,-0.666871808918005],[0.796475062049395,0.7934958594003375,0.8405224168072393,0.7883284913895025,-0.6873913441219411,-0.9592336741090371,-0.9632194064063944,-0.99382994782486,-0.9503617680311831,-0.9578547945756498,1.0,0.7761542951631798,0.9855150935034983,0.9721112674865566,0.5301834711253137,0.5708551995266788,0.5854577702255985,0.7677668652623973,0.8328117764707912,0.7883284913895022,0.5856018392211224,-0.9760580914877404,0.4524520720762519],[0.9992847128022643,0.9994457801871481,0.9939279216418793,0.9996628133708491,-0.9914069151923062,-0.9145213510851573,-0.6844503700479061,-0.717889204475343,-0.918920857121512,-0.9091380665195687,0.7761542951631798,1.0,0.860297790667415,0.7925630468443148,0.9461250774403911,0.9574459656964479,0.3714953398664804,0.9997902742878866,0.9950493208354337,0.999662813370849,0.9656243237043846,-0.6327736638845908,0.9115397556086459],[0.8772540724406731,0.8749411044836634,0.9110061736402387,0.8709138248360055,-0.7863687011382694,-0.9921853935671776,-0.9525173142202986,-0.9614248875923433,-0.981361794598693,-0.9870032681475982,0.9855150935034983,0.860297790667415,1.0,0.9838774305664169,0.650472494071138,0.6898483034080196,0.590293942632215,0.8547059178082227,0.9032351254599418,0.8709138248360055,0.6993873340790747,-0.9253866446261445,0.5800166884345489],[0.8133922891070043,0.8108178179864445,0.8517243211353601,0.8063449662798591,-0.7092046417975811,-0.967424400958176,-0.9857240875550222,-0.9450070877178336,-0.9400753747960509,-0.9520566355930405,0.9721112674865566,0.7925630468443148,0.9838774305664169,1.0,0.565715840162098,0.615358533611445,0.6933746739316559,0.7884585459783134,0.839217742910744,0.806344966279859,0.6171420696914449,-0.9165682527710308,0.4890042465689952],[0.9346959326925784,0.9364398768040212,0.9048756465571997,0.9393809339712381,-0.9801942282580943,-0.736848703587034,-0.42486356539138453,-0.45525888137018855,-0.7475252452784324,-0.7304260601660223,0.5301834711253137,0.9461250774403911,0.650472494071138,0.565715840162098,1.0,0.9940613537382534,0.19733749469806192,0.9500943927678005,0.9104520009099915,0.9393809339712379,0.9977636975058864,-0.35000559075203136,0.9934632966684859],[0.9472108943314197,0.9488148366989742,0.9218581797380139,0.9515145535250688,-0.9843334595237455,-0.7731275604128555,-0.47683842706423807,-0.4955710074844896,-0.784583909581925,-0.7695492904492056,0.5708551995266788,0.9574459656964479,0.6898483034080196,0.615358533611445,0.9940613537382534,1.0,0.22913378790140898,0.9612852829084144,0.9241584417553268,0.9515145535250685,0.9954821331096054,-0.39206993805771445,0.979219777257146],[0.39706584867100553,0.39467451468465187,0.42516463042291697,0.39054128014878026,-0.29891859133717685,-0.5691288212885629,-0.7241672383440327,-0.5481110036558574,-0.45376447640728584,-0.4793754182719602,0.5854577702255985,0.3714953398664804,0.590293942632215,0.6933746739316559,0.19733749469806192,0.22913378790140898,1.0,0.37426568752170036,0.4094912347063715,0.39054128014878015,0.23320512068844518,-0.5419404775255917,0.12385121951823451],[0.9988760889442796,0.9991031206106873,0.9924436835897834,0.9994335373384285,-0.9926993519019558,-0.9103467177072918,-0.6792949959347643,-0.7075925457955429,-0.9135655532442624,-0.9039093972510781,0.7677668652623973,0.9997902742878866,0.8547059178082227,0.7884585459783134,0.9500943927678005,0.9612852829084144,0.37426568752170036,1.0,0.9934179466664307,0.9994335373384283,0.9687315811238084,-0.6212114708354264,0.9166062180417699],[0.9976005444517961,0.9972609759458645,0.9994650438873315,0.9966177709437213,-0.9741739094145457,-0.9461975022605879,-0.743709823878768,-0.7817187627936316,-0.9489900479745723,-0.9412180934294955,0.8328117764707912,0.9950493208354337,0.9032351254599418,0.839217742910744,0.9104520009099915,0.9241584417553268,0.4094912347063715,0.9934179466664307,1.0,0.996617770943721,0.9359370953141236,-0.7047234660552649,0.8696048250956075],[0.9999054001192068,0.9999621951568073,0.9959114058950231,1.0,-0.9883229770729399,-0.9228449803032684,-0.7013690163091392,-0.7302821173596146,-0.9250864012385484,-0.9161920732074227,0.7883284913895022,0.999662813370849,0.8709138248360055,0.806344966279859,0.9393809339712379,0.9515145535250685,0.39054128014878015,0.9994335373384283,0.996617770943721,1.0,0.9600881033689473,-0.6464816472982624,0.9035866647847518],[0.9562423625729823,0.957678057894677,0.93123687575596,0.9600881033689473,-0.9912254666173009,-0.7799438850748395,-0.48162707877688654,-0.5135953533002279,-0.7897720858235138,-0.7739678303068888,0.5856018392211224,0.9656243237043846,0.6993873340790747,0.6171420696914449,0.9977636975058864,0.9954821331096054,0.23320512068844518,0.9687315811238084,0.9359370953141236,0.9600881033689473,1.0,-0.4115862568106277,0.9852782115606477],[-0.6565988887843435,-0.6528916959105229,-0.7123825911395344,-0.6464816472982624,0.5283532031773469,0.8757047948376037,0.9376315618705521,0.9932603394440682,0.8720991113490335,0.881799957333359,-0.9760580914877404,-0.6327736638845908,-0.9253866446261445,-0.9165682527710308,-0.35000559075203136,-0.39206993805771445,-0.5419404775255917,-0.6212114708354264,-0.7047234660552649,-0.6464816472982624,-0.4115862568106277,1.0,-0.26710387996114104],[0.8979708222319993,0.9000563693080218,0.8619119290979688,0.9035866647847518,-0.9565370244514231,-0.6710383669446495,-0.345044817937366,-0.37521243129940945,-0.6857654125493211,-0.666871808918005,0.4524520720762519,0.9115397556086459,0.5800166884345489,0.4890042465689952,0.9934632966684859,0.979219777257146,0.12385121951823451,0.9166062180417699,0.8696048250956075,0.9035866647847518,0.9852782115606477,-0.26710387996114104,1.0]],"zmid":0,"type":"heatmap","xaxis":"x2","yaxis":"y2"},{"line":{"width":2},"marker":{"size":8},"mode":"lines+markers","name":"RMSE","x":[0.0,10.0,20.0,30.0,40.0,60.0],"y":[0.05556615249919023,0.013119786006753256,0.008073714465694309,0.0057527727022096105,0.01255150407754826,0.13806654485303055],"type":"scatter","xaxis":"x3","yaxis":"y3"},{"line":{"width":2},"marker":{"size":8},"mode":"lines+markers","name":"MAE","x":[0.0,10.0,20.0,30.0,40.0,60.0],"y":[0.04417280610746793,0.010429690330929936,0.00641827097287996,0.00462957432057682,0.010100889426713076,0.11110978369384351],"type":"scatter","xaxis":"x3","yaxis":"y3"},{"line":{"width":2},"marker":{"size":8},"mode":"lines+markers","name":"Max_Error","x":[0.0,10.0,20.0,30.0,40.0,60.0],"y":[0.13100235294117651,0.03093111111111109,0.01903452991452992,0.01402666666666666,0.030603636363636402,0.3366399999999996],"type":"scatter","xaxis":"x3","yaxis":"y3"},{"line":{"width":2},"marker":{"size":8},"mode":"lines+markers","name":"Pearson_R","x":[0.0,10.0,20.0,30.0,40.0,60.0],"y":[0.3825131283537967,0.8979520411761663,0.9649594727822771,0.9851720090392349,0.845946113892282,0.22273346718382298],"type":"scatter","xaxis":"x4","yaxis":"y4"},{"line":{"width":2},"marker":{"size":8},"mode":"lines+markers","name":"Cosine_Sim","x":[0.0,10.0,20.0,30.0,40.0,60.0],"y":[0.8118090174165755,0.9962783395560265,0.9987267268634146,0.9993812977733196,0.9953388722880483,0.8672931154390233],"type":"scatter","xaxis":"x4","yaxis":"y4"},{"line":{"width":2},"marker":{"size":8},"mode":"lines+markers","name":"SSIM","x":[0.0,10.0,20.0,30.0,40.0,60.0],"y":[0.41957158166457803,0.8833950261302179,0.9397467311242311,0.8554749274635526,0.8317529760040294,0.2712794628027777],"type":"scatter","xaxis":"x4","yaxis":"y4"}],                        {"template":{"data":{"histogram2dcontour":[{"type":"histogram2dcontour","colorbar":{"outlinewidth":0,"ticks":""},"colorscale":[[0.0,"#0d0887"],[0.1111111111111111,"#46039f"],[0.2222222222222222,"#7201a8"],[0.3333333333333333,"#9c179e"],[0.4444444444444444,"#bd3786"],[0.5555555555555556,"#d8576b"],[0.6666666666666666,"#ed7953"],[0.7777777777777778,"#fb9f3a"],[0.8888888888888888,"#fdca26"],[1.0,"#f0f921"]]}],"choropleth":[{"type":"choropleth","colorbar":{"outlinewidth":0,"ticks":""}}],"histogram2d":[{"type":"histogram2d","colorbar":{"outlinewidth":0,"ticks":""},"colorscale":[[0.0,"#0d0887"],[0.1111111111111111,"#46039f"],[0.2222222222222222,"#7201a8"],[0.3333333333333333,"#9c179e"],[0.4444444444444444,"#bd3786"],[0.5555555555555556,"#d8576b"],[0.6666666666666666,"#ed7953"],[0.7777777777777778,"#fb9f3a"],[0.8888888888888888,"#fdca26"],[1.0,"#f0f921"]]}],"heatmap":[{"type":"heatmap","colorbar":{"outlinewidth":0,"ticks":""},"colorscale":[[0.0,"#0d0887"],[0.1111111111111111,"#46039f"],[0.2222222222222222,"#7201a8"],[0.3333333333333333,"#9c179e"],[0.4444444444444444,"#bd3786"],[0.5555555555555556,"#d8576b"],[0.6666666666666666,"#ed7953"],[0.7777777777777778,"#fb9f3a"],[0.8888888888888888,"#fdca26"],[1.0,"#f0f921"]]}],"heatmapgl":[{"type":"heatmapgl","colorbar":{"outlinewidth":0,"ticks":""},"colorscale":[[0.0,"#0d0887"],[0.1111111111111111,"#46039f"],[0.2222222222222222,"#7201a8"],[0.3333333333333333,"#9c179e"],[0.4444444444444444,"#bd3786"],[0.5555555555555556,"#d8576b"],[0.6666666666666666,"#ed7953"],[0.7777777777777778,"#fb9f3a"],[0.8888888888888888,"#fdca26"],[1.0,"#f0f921"]]}],"contourcarpet":[{"type":"contourcarpet","colorbar":{"outlinewidth":0,"ticks":""}}],"contour":[{"type":"contour","colorbar":{"outlinewidth":0,"ticks":""},"colorscale":[[0.0,"#0d0887"],[0.1111111111111111,"#46039f"],[0.2222222222222222,"#7201a8"],[0.3333333333333333,"#9c179e"],[0.4444444444444444,"#bd3786"],[0.5555555555555556,"#d8576b"],[0.6666666666666666,"#ed7953"],[0.7777777777777778,"#fb9f3a"],[0.8888888888888888,"#fdca26"],[1.0,"#f0f921"]]}],"surface":[{"type":"surface","colorbar":{"outlinewidth":0,"ticks":""},"colorscale":[[0.0,"#0d0887"],[0.1111111111111111,"#46039f"],[0.2222222222222222,"#7201a8"],[0.3333333333333333,"#9c179e"],[0.4444444444444444,"#bd3786"],[0.5555555555555556,"#d8576b"],[0.6666666666666666,"#ed7953"],[0.7777777777777778,"#fb9f3a"],[0.8888888888888888,"#fdca26"],[1.0,"#f0f921"]]}],"mesh3d":[{"type":"mesh3d","colorbar":{"outlinewidth":0,"ticks":""}}],"scatter":[{"fillpattern":{"fillmode":"overlay","size":10,"solidity":0.2},"type":"scatter"}],"parcoords":[{"type":"parcoords","line":{"colorbar":{"outlinewidth":0,"ticks":""}}}],"scatterpolargl":[{"type":"scatterpolargl","marker":{"colorbar":{"outlinewidth":0,"ticks":""}}}],"bar":[{"error_x":{"color":"#2a3f5f"},"error_y":{"color":"#2a3f5f"},"marker":{"line":{"color":"#E5ECF6","width":0.5},"pattern":{"fillmode":"overlay","size":10,"solidity":0.2}},"type":"bar"}],"scattergeo":[{"type":"scattergeo","marker":{"colorbar":{"outlinewidth":0,"ticks":""}}}],"scatterpolar":[{"type":"scatterpolar","marker":{"colorbar":{"outlinewidth":0,"ticks":""}}}],"histogram":[{"marker":{"pattern":{"fillmode":"overlay","size":10,"solidity":0.2}},"type":"histogram"}],"scattergl":[{"type":"scattergl","marker":{"colorbar":{"outlinewidth":0,"ticks":""}}}],"scatter3d":[{"type":"scatter3d","line":{"colorbar":{"outlinewidth":0,"ticks":""}},"marker":{"colorbar":{"outlinewidth":0,"ticks":""}}}],"scattermapbox":[{"type":"scattermapbox","marker":{"colorbar":{"outlinewidth":0,"ticks":""}}}],"scatterternary":[{"type":"scatterternary","marker":{"colorbar":{"outlinewidth":0,"ticks":""}}}],"scattercarpet":[{"type":"scattercarpet","marker":{"colorbar":{"outlinewidth":0,"ticks":""}}}],"carpet":[{"aaxis":{"endlinecolor":"#2a3f5f","gridcolor":"white","linecolor":"white","minorgridcolor":"white","startlinecolor":"#2a3f5f"},"baxis":{"endlinecolor":"#2a3f5f","gridcolor":"white","linecolor":"white","minorgridcolor":"white","startlinecolor":"#2a3f5f"},"type":"carpet"}],"table":[{"cells":{"fill":{"color":"#EBF0F8"},"line":{"color":"white"}},"header":{"fill":{"color":"#C8D4E3"},"line":{"color":"white"}},"type":"table"}],"barpolar":[{"marker":{"line":{"color":"#E5ECF6","width":0.5},"pattern":{"fillmode":"overlay","size":10,"solidity":0.2}},"type":"barpolar"}],"pie":[{"automargin":true,"type":"pie"}]},"layout":{"autotypenumbers":"strict","colorway":["#636efa","#EF553B","#00cc96","#ab63fa","#FFA15A","#19d3f3","#FF6692","#B6E880","#FF97FF","#FECB52"],"font":{"color":"#2a3f5f"},"hovermode":"closest","hoverlabel":{"align":"left"},"paper_bgcolor":"white","plot_bgcolor":"#E5ECF6","polar":{"bgcolor":"#E5ECF6","angularaxis":{"gridcolor":"white","linecolor":"white","ticks":""},"radialaxis":{"gridcolor":"white","linecolor":"white","ticks":""}},"ternary":{"bgcolor":"#E5ECF6","aaxis":{"gridcolor":"white","linecolor":"white","ticks":""},"baxis":{"gridcolor":"white","linecolor":"white","ticks":""},"caxis":{"gridcolor":"white","linecolor":"white","ticks":""}},"coloraxis":{"colorbar":{"outlinewidth":0,"ticks":""}},"colorscale":{"sequential":[[0.0,"#0d0887"],[0.1111111111111111,"#46039f"],[0.2222222222222222,"#7201a8"],[0.3333333333333333,"#9c179e"],[0.4444444444444444,"#bd3786"],[0.5555555555555556,"#d8576b"],[0.6666666666666666,"#ed7953"],[0.7777777777777778,"#fb9f3a"],[0.8888888888888888,"#fdca26"],[1.0,"#f0f921"]],"sequentialminus":[[0.0,"#0d0887"],[0.1111111111111111,"#46039f"],[0.2222222222222222,"#7201a8"],[0.3333333333333333,"#9c179e"],[0.4444444444444444,"#bd3786"],[0.5555555555555556,"#d8576b"],[0.6666666666666666,"#ed7953"],[0.7777777777777778,"#fb9f3a"],[0.8888888888888888,"#fdca26"],[1.0,"#f0f921"]],"diverging":[[0,"#8e0152"],[0.1,"#c51b7d"],[0.2,"#de77ae"],[0.3,"#f1b6da"],[0.4,"#fde0ef"],[0.5,"#f7f7f7"],[0.6,"#e6f5d0"],[0.7,"#b8e186"],[0.8,"#7fbc41"],[0.9,"#4d9221"],[1,"#276419"]]},"xaxis":{"gridcolor":"white","linecolor":"white","ticks":"","title":{"standoff":15},"zerolinecolor":"white","automargin":true,"zerolinewidth":2},"yaxis":{"gridcolor":"white","linecolor":"white","ticks":"","title":{"standoff":15},"zerolinecolor":"white","automargin":true,"zerolinewidth":2},"scene":{"xaxis":{"backgroundcolor":"#E5ECF6","gridcolor":"white","linecolor":"white","showbackground":true,"ticks":"","zerolinecolor":"white","gridwidth":2},"yaxis":{"backgroundcolor":"#E5ECF6","gridcolor":"white","linecolor":"white","showbackground":true,"ticks":"","zerolinecolor":"white","gridwidth":2},"zaxis":{"backgroundcolor":"#E5ECF6","gridcolor":"white","linecolor":"white","showbackground":true,"ticks":"","zerolinecolor":"white","gridwidth":2}},"shapedefaults":{"line":{"color":"#2a3f5f"}},"annotationdefaults":{"arrowcolor":"#2a3f5f","arrowhead":0,"arrowwidth":1},"geo":{"bgcolor":"white","landcolor":"#E5ECF6","subunitcolor":"white","showland":true,"showlakes":true,"lakecolor":"white"},"title":{"x":0.05},"mapbox":{"style":"light"}}},"xaxis":{"anchor":"y","domain":[0.0,0.45],"title":{"text":"Metrics"},"tickangle":45},"yaxis":{"anchor":"x","domain":[0.625,1.0],"title":{"text":"Concentration"}},"xaxis2":{"anchor":"y2","domain":[0.55,1.0],"title":{"text":"Metrics"},"tickangle":45},"yaxis2":{"anchor":"x2","domain":[0.625,1.0],"title":{"text":"Metrics"}},"xaxis3":{"anchor":"y3","domain":[0.0,0.45],"title":{"text":"Concentration (ppb)"}},"yaxis3":{"anchor":"x3","domain":[0.0,0.375],"title":{"text":"Error Value"}},"xaxis4":{"anchor":"y4","domain":[0.55,1.0],"title":{"text":"Concentration (ppb)"}},"yaxis4":{"anchor":"x4","domain":[0.0,0.375],"title":{"text":"Similarity Score"}},"annotations":[{"font":{"size":16},"showarrow":false,"text":"Normalized Metrics Heatmap","x":0.225,"xanchor":"center","xref":"paper","y":1.0,"yanchor":"bottom","yref":"paper"},{"font":{"size":16},"showarrow":false,"text":"Metric Correlations","x":0.775,"xanchor":"center","xref":"paper","y":1.0,"yanchor":"bottom","yref":"paper"},{"font":{"size":16},"showarrow":false,"text":"Error Metrics by Concentration","x":0.225,"xanchor":"center","xref":"paper","y":0.375,"yanchor":"bottom","yref":"paper"},{"font":{"size":16},"showarrow":false,"text":"Similarity Metrics by Concentration","x":0.775,"xanchor":"center","xref":"paper","y":0.375,"yanchor":"bottom","yref":"paper"}],"title":{"font":{"size":18},"text":"Comprehensive Spectral Validation Metrics Analysis","x":0.5,"xanchor":"center"},"height":900,"width":1400,"showlegend":true,"paper_bgcolor":"#f8f9fa"},                        {"responsive": true}                    )                };                            </script>        </div>
</body>
</html>